0,0,11
1,12,16
2,17,41
3,42,286
4,287,292
5,293,300
6,301,800
7,801,955
8,956,974
9,975,981
10,982,1012
11,1013,1022
12,1023,1039
13,1040,1048
14,1049,1057
15,1058,1064
16,1065,1069
17,1070,1190
18,1191,1221
19,1222,1234
20,1235,1247
21,1248,1256
22,1257,1271
23,1272,1286
24,1287,1305
25,1306,1316
26,1317,1322
27,1323,1328
28,1329,1340
29,1341,1457
30,1458,1462
31,1463,1467
32,1468,1484
33,1485,1494
34,1495,1507
35,1508,1539
36,1540,1616
37,1617,1702
38,1703,1713
39,1714,1759
40,1760,1776
41,1777,1798
42,1799,1804
43,1805,1815
44,1816,1820
45,1821,1827
46,1828,1834
47,1835,1847
48,1848,1852
49,1853,1866
50,1867,1880
51,1881,1888
52,1889,1930
53,1931,2114
54,2115,2141
55,2142,2153
56,2154,2177
57,2178,2187
58,2188,2205
59,2206,2216
60,2217,2245
61,2246,2332
62,2333,2337
63,2338,2344
64,2345,2363
65,2364,2368
66,2369,2375
67,2376,2381
68,2382,2402
69,2403,2441
70,2442,2446
71,2447,2471
72,2472,2484
73,2485,2506
74,2507,2513
75,2514,2518
76,2519,2530
77,2531,2537
78,2538,2546
79,2547,2552
80,2553,2556
81,2557,2565
82,2566,2570
83,2571,2594
84,2595,2754
85,2755,2763
86,2764,2772
87,2773,2776
88,2777,2781
89,2782,2788
90,2789,2795
91,2796,2809
92,2810,2827
2901,129479,129486
2902,129487,129498
2903,129499,129503
2904,129504,129513
2905,129514,129546
2906,129547,129563
2907,129564,129576
2908,129577,129599
2909,129600,129639
2910,129640,129663
2911,129664,129673
2912,129674,129797
7345,358624,358638
7346,358639,358721
7347,358722,358727
7348,358728,358734
7349,358735,358743
7350,358744,359600
7351,359601,359606
7352,359607,359612
7353,359613,359706
7354,359707,359712
7355,359713,359721
7356,359722,359757
7357,359758,359762
7358,359763,359775
7359,359776,359782
7360,359783,359800
7361,359801,359806
7362,359807,359863
7363,359864,359868
7364,359869,359880
7365,359881,359885
7366,359886,359896
7367,359897,359903
7368,359904,359916
7369,359917,359922
7370,359923,359958
7371,359959,359969
7372,359970,359980
7373,359981,359986
7374,359987,359997
7375,359998,360007
7376,360008,360024
7377,360025,360160
7378,360161,360309
7379,360310,360334
7380,360335,360348
7381,360349,360359
7382,360360,360372
7383,360373,360529
7384,360530,360534
7385,360535,360545
7386,360546,363202
7387,363203,363257
7388,363258,363278
7389,363279,363291
7390,363292,363297
7391,363298,363305
7392,363306,363314
7393,363315,363319
7394,363320,363346
7395,363347,363351
7396,363352,363356
7397,363357,363363
7398,363364,363372
7399,363373,363392
7400,363393,363397
7401,363398,363405
7402,363406,363507
7403,363508,363570
7404,363571,363581
7405,363582,363591
7406,363592,363598
7407,363599,363626
7408,363627,363641
7409,363642,363648
7410,363649,363656
7411,363657,363661
7412,363662,363672
7413,363673,363680
7414,363681,363685
7415,363686,363693
7416,363694,363700
7417,363701,363718
7418,363719,363723
7419,363724,363728
7420,363729,363733
7421,363734,363758
7422,363759,363784
7423,363785,363808
7424,363809,363818
7425,363819,363823
7426,363824,363869
7427,363870,363885
7428,363886,363909
7429,363910,363914
7430,363915,363923
7431,363924,363928
7432,363929,363933
7433,363934,363938
7434,363939,363944
7435,363945,363959
7436,363960,363966
7437,363967,364000
7438,364001,364007
7439,364008,364013
7440,364014,364230
7441,364231,364237
7442,364238,364242
7443,364243,364252
7444,364253,364271
7445,364272,364296
7446,364297,364315
7447,364316,364328
7448,364329,364337
7449,364338,364531
7450,364532,364554
7451,364555,364594
7452,364595,364600
7453,364601,364639
7454,364640,364664
7455,364665,364670
7456,364671,364676
7457,364677,364720
7458,364721,364727
7459,364728,364732
7460,364733,364741
7461,364742,364747
7462,364748,364765
7463,364766,364770
7464,364771,364827
7465,364828,364837
7466,364838,364847
7467,364848,364852
7468,364853,364963
7469,364964,364995
7470,364996,365019
7471,365020,365043
7472,365044,365057
7473,365058,365085
7474,365086,365119
7475,365120,365131
7476,365132,365151
7477,365152,365158
7478,365159,365166
7479,365167,365173
7480,365174,365178
7481,365179,365183
7482,365184,365188
7483,365189,365260
7484,365261,365267
7485,365268,365272
7486,365273,365277
7487,365278,365290
7488,365291,365312
7489,365313,365363
7490,365364,365368
7491,365369,365374
7492,365375,365388
7493,365389,365393
7494,365394,365399
7495,365400,365408
7496,365409,365417
7497,365418,365454
7498,365455,365462
7499,365463,365479
7500,365480,366819
7501,366820,366826
7502,366827,366840
7503,366841,366861
7504,366862,366879
7505,366880,366884
7506,366885,366896
7507,366897,366903
7508,366904,366911
7509,366912,366927
7510,366928,366932
7511,366933,366952
7512,366953,366957
7513,366958,366974
7514,366975,367004
7515,367005,367016
7516,367017,367022
7517,367023,367032
7518,367033,367071
7519,367072,367089
7520,367090,367110
7521,367111,367117
7522,367118,367377
7523,367378,367387
7524,367388,367403
7525,367404,367500
7526,367501,367553
7527,367554,367558
7528,367559,367582
7529,367583,367593
7530,367594,367604
7531,367605,367653
7532,367654,367658
7533,367659,367672
7534,367673,367698
7535,367699,367703
7536,367704,367708
7537,367709,367717
7538,367718,367722
7539,367723,367727
7540,367728,367734
7541,367735,367743
7542,367744,367761
7543,367762,367809
7544,367810,367820
7545,367821,367877
7546,367878,367883
7547,367884,367897
7548,367898,367918
7549,367919,367923
7550,367924,367997
7551,367998,368008
7552,368009,368013
7553,368014,368022
7554,368023,368032
7555,368033,368082
7556,368083,368089
7557,368090,368099
7558,368100,368112
7559,368113,368121
7560,368122,368131
7561,368132,368151
7562,368152,368179
7563,368180,368244
7564,368245,368262
7565,368263,368275
7566,368276,368286
7567,368287,368331
7568,368332,368499
7569,368500,368509
7570,368510,368516
7571,368517,368542
7572,368543,368549
7573,368550,368555
7574,368556,368562
7575,368563,368577
7576,368578,368582
7577,368583,368641
7578,368642,368659
7579,368660,368671
7580,368672,368676
7581,368677,368681
7582,368682,368694
7583,368695,368711
7584,368712,368748
7585,368749,368866
7586,368867,368876
7587,368877,368905
7588,368906,368910
7589,368911,368960
7590,368961,369005
7591,369006,369031
7592,369032,369053
7593,369054,369065
7594,369066,369074
7595,369075,369086
7596,369087,369091
7597,369092,369150
7598,369151,369224
7599,369225,369230
7600,369231,369235
7601,369236,369287
7602,369288,369311
7603,369312,369338
7604,369339,369361
7605,369362,369406
7606,369407,369418
7607,369419,369432
7608,369433,369493
7609,369494,369513
7610,369514,369521
7611,369522,369526
7612,369527,369537
7613,369538,369544
7614,369545,369562
7615,369563,369580
7616,369581,369728
7617,369729,369875
7618,369876,369939
7619,369940,369947
7620,369948,369960
7621,369961,369966
7622,369967,369974
7623,369975,369983
7624,369984,370000
7625,370001,370018
7626,370019,370142
7627,370143,370148
7628,370149,370155
7629,370156,370233
7630,370234,370243
7631,370244,370263
7632,370264,370279
7633,370280,370300
7634,370301,370377
7635,370378,370395
7636,370396,370405
7637,370406,370412
7638,370413,370419
7639,370420,371045
7640,371046,371052
7641,371053,371059
7642,371060,371096
7643,371097,371102
7644,371103,371110
7645,371111,371151
7646,371152,371159
7647,371160,371177
7648,371178,371190
7649,371191,371299
7650,371300,371308
7651,371309,371313
7652,371314,371318
7653,371319,371326
7654,371327,371335
7655,371336,371530
7656,371531,371536
7657,371537,371541
7658,371542,371546
7659,371547,371553
7660,371554,371558
7661,371559,371577
7662,371578,371604
7663,371605,371630
7664,371631,371640
7665,371641,371652
7666,371653,371668
7667,371669,371721
7668,371722,371730
7669,371731,371737
7670,371738,371746
7671,371747,371751
7672,371752,371758
7673,371759,371765
7674,371766,371770
7675,371771,371785
7676,371786,371828
7677,371829,371850
7678,371851,371858
7679,371859,371863
7680,371864,371868
7681,371869,371885
7682,371886,371894
7683,371895,371901
7684,371902,371925
7685,371926,371931
7686,371932,371942
7687,371943,371950
7688,371951,371978
7689,371979,372000
7690,372001,372009
7691,372010,372015
7692,372016,372056
7693,372057,372069
7694,372070,372117
7695,372118,372133
7727,373024,373028
7728,373029,373065
7729,373066,373072
